  -9.3002025e-01  -4.0961433e+00
  -8.9912866e-01  -3.0571337e+00
  -1.7084617e+00  -3.1633614e+00
  -1.8455332e+00  -2.3497679e+00
  -1.8594529e+00  -2.3623886e+00
  -1.8009017e+00  -2.1591983e+00
  -1.6497801e+00  -1.9417548e+00
  -1.6721732e+00  -1.8308406e+00
  -1.9547190e+00  -8.4158364e-01
  -1.4127949e+00  -6.8603862e-01
  -1.8384273e+00  -6.3568556e-01
  -1.7637851e+00  -5.6673815e-01
  -1.2517588e+00  -9.6678827e-01
  -9.9247959e-01  -6.3602902e-01
  -8.4337837e-01  -6.6691003e-01
  -1.2095616e+00  -7.1890160e-01
  -7.4364979e-01  -2.7278049e-01
  -1.1445584e+00   2.3691699e-01
  -1.1379415e+00   2.8515518e-01
  -1.2759179e+00   3.2186218e-01
  -1.1276982e+00   3.3313720e-01
  -1.0150937e+00   2.9352727e-01
  -1.3832629e+00   6.1665911e-01
  -5.1216078e-01   9.8244619e-01
  -1.2792664e+00   1.0863080e+00
  -8.5021504e-01   1.0002559e+00
  -4.0067049e-01   1.2695628e+00
  -7.7226532e-01   1.2626345e+00
  -4.9142512e-01   8.3311952e-01
  -2.2295926e-01   1.3046979e+00
  -9.0764961e-02   1.2356613e+00
   1.9911627e-02   1.0665477e+00
  -6.5331535e-01   1.2060495e+00
  -5.1721775e-01   1.3380697e+00
   1.9156568e-01   1.8918702e+00
  -4.2338140e-02   1.7287112e+00
  -6.0059918e-02   2.0673039e+00
   1.2170959e-01   1.7034846e+00
   4.0232224e-01   1.5283586e+00
   1.8978917e-01   2.1209831e+00
  -6.3924903e-02   1.9362920e+00
   2.6499347e-01   2.6695302e+00
   3.1711092e-01   2.6944433e+00
   9.3445275e-01   2.2435846e+00
   6.6865505e-01   1.9368552e+00
   8.2518995e-01   2.6428368e+00
   9.3216461e-01   2.8661706e+00
   6.4199519e-01   3.0564996e+00
   8.9629042e-01   2.1961329e+00
   1.0210946e+00   2.6421238e+00
   7.0699522e-01   2.8250703e+00
   1.1996560e+00   2.9784378e+00
   1.4205033e+00   3.0586328e+00
   1.2411555e+00   3.0350408e+00
   1.7410704e+00   3.1559146e+00
   1.7271871e+00   2.8452477e+00
   1.4478310e+00   3.0935821e+00
   1.6351124e+00   2.6670185e+00
   1.6612899e+00   2.6456544e+00
   2.1454546e+00   3.6030652e+00
   2.2002711e+00   2.9417237e+00
   1.9934778e+00   3.2836743e+00
   2.3550526e+00   3.6807610e+00
   2.7058135e+00   2.9324783e+00
   2.6451326e+00   2.9659398e+00
   2.6679719e+00   3.1388441e+00
   2.1743342e+00   3.7524979e+00
   2.5586307e+00   3.2305675e+00
   2.8645047e+00   3.1314167e+00
   2.8390800e+00   3.0263471e+00
   2.5374400e+00   3.2855088e+00
   2.8243876e+00   3.2750225e+00
   3.5397891e+00   3.0410147e+00
   2.8325447e+00   3.3521407e+00
   3.7933109e+00   3.0134132e+00
   3.1217691e+00   3.5388270e+00
   3.8284426e+00   2.9348791e+00
   3.7768113e+00   3.4941604e+00
   3.6134938e+00   3.7047299e+00
   4.0877157e+00   3.1414668e+00
   3.7606892e+00   3.3421197e+00
   4.4339662e+00   3.4481582e+00
   4.4887855e+00   2.9213014e+00
   4.0736762e+00   3.3335889e+00
   4.2048430e+00   3.4531152e+00
   4.4343006e+00   3.0011657e+00
   4.4374211e+00   3.5813564e+00
   4.9919755e+00   3.6746752e+00
   5.5311215e+00   3.5037729e+00
   5.4620902e+00   3.1109995e+00
   5.5145294e+00   2.8244756e+00
   6.0125682e+00   3.2249172e+00
   5.4058979e+00   2.6389304e+00
   6.3819522e+00   3.2723453e+00
   5.7551167e+00   2.8353600e+00
   6.3463968e+00   2.6995621e+00
   6.1668560e+00   2.1354045e+00
   6.7939706e+00   1.8878467e+00
   6.4756796e+00   1.8431622e+00
   7.5227820e+00   2.1528705e+00
   8.1788092e+00   1.4110671e+00
  -4.1327873e-01  -3.8003662e+00
   2.3086827e-01  -4.5691176e+00
   3.4033102e-02  -5.3580139e+00
   3.6821624e-02  -5.2214465e+00
   7.7050512e-02  -5.1521719e+00
   6.7844883e-01  -5.6954566e+00
   9.3850913e-01  -5.2266607e+00
   1.2889871e+00  -6.2250012e+00
   7.7476265e-01  -6.0810590e+00
   1.5128962e+00  -5.9668911e+00
   1.5225790e+00  -6.4849936e+00
   1.3263480e+00  -5.8793121e+00
   2.2396579e+00  -6.1008443e+00
   2.0336832e+00  -6.1742401e+00
   2.0228347e+00  -5.9143176e+00
   2.6601189e+00  -5.9211410e+00
   2.5074138e+00  -6.0217711e+00
   2.4342457e+00  -6.5194669e+00
   2.9504974e+00  -6.4076925e+00
   2.7698235e+00  -6.1265720e+00
   2.9153871e+00  -6.7842383e+00
   3.1639655e+00  -6.7963576e+00
   2.9716899e+00  -6.6451163e+00
   2.9626906e+00  -6.3962627e+00
   3.4195235e+00  -5.9512489e+00
   3.8231871e+00  -6.2137913e+00
   3.4771768e+00  -6.6100401e+00
   3.2957151e+00  -6.6256429e+00
   3.7382458e+00  -6.0595427e+00
   3.7044844e+00  -5.9886526e+00
   3.9142869e+00  -6.2491239e+00
   4.4536636e+00  -6.6190297e+00
   4.1300287e+00  -6.7695342e+00
   4.2214759e+00  -6.0016444e+00
   4.2954489e+00  -6.2348814e+00
   4.1778554e+00  -5.8490913e+00
   4.3992302e+00  -6.7118711e+00
   4.3262151e+00  -6.1620587e+00
   4.7680973e+00  -6.4334919e+00
   4.6940828e+00  -5.8609678e+00
   4.8315554e+00  -6.4659136e+00
   5.0549584e+00  -6.1807700e+00
   4.8443073e+00  -6.1945885e+00
   5.3141669e+00  -5.7243260e+00
   5.6186072e+00  -5.8351289e+00
   5.2477734e+00  -6.2637970e+00
   5.8802701e+00  -6.1108953e+00
   5.2593896e+00  -6.2511890e+00
   5.6681834e+00  -5.6677371e+00
   5.3657941e+00  -5.7208089e+00
   5.6701769e+00  -6.0728329e+00
   5.5369006e+00  -6.0441442e+00
   5.8098797e+00  -5.6631203e+00
   5.8473841e+00  -5.1768976e+00
   6.0560760e+00  -5.4768250e+00
   6.0450921e+00  -5.9384601e+00
   6.0900490e+00  -5.8581371e+00
   6.6304856e+00  -5.0458368e+00
   7.0118579e+00  -5.3366251e+00
   7.1282798e+00  -5.3406538e+00
   6.4871845e+00  -4.8672563e+00
   6.8247714e+00  -5.2244131e+00
   6.7931111e+00  -4.9862501e+00
   7.0148800e+00  -4.7350433e+00
   6.8287726e+00  -4.5014235e+00
   6.7040572e+00  -4.9685104e+00
   7.1426271e+00  -4.5694820e+00
   6.9496530e+00  -4.1650639e+00
   6.8702071e+00  -4.9822326e+00
   7.8658783e+00  -4.3873808e+00
   7.4075965e+00  -4.4745135e+00
   8.0031586e+00  -4.4911636e+00
   7.8673145e+00  -4.4460660e+00
   7.1741487e+00  -3.8583337e+00
   7.9073386e+00  -3.5266840e+00
   7.9923508e+00  -4.2376286e+00
   7.9890288e+00  -3.5427547e+00
   7.9522098e+00  -4.0251020e+00
   7.6724087e+00  -3.1226410e+00
   8.2792662e+00  -3.2038384e+00
   7.7857283e+00  -3.4698733e+00
   7.9774647e+00  -3.0499361e+00
   8.5443288e+00  -3.1615464e+00
   8.5544769e+00  -2.7283097e+00
   8.1429335e+00  -3.0542911e+00
   8.0984191e+00  -3.2066566e+00
   8.4262354e+00  -2.5533085e+00
   8.7619952e+00  -2.0934122e+00
   8.7919982e+00  -2.6636341e+00
   8.5018944e+00  -2.2726322e+00
   8.2663714e+00  -1.7964403e+00
   8.8057636e+00  -2.3391155e+00
   8.4087979e+00  -1.2556750e+00
   8.8782555e+00  -1.2513267e+00
   8.0071794e+00  -1.2562794e+00
   8.4972265e+00  -1.4154571e+00
   8.6601973e+00  -8.6485118e-01
   8.0853018e+00  -5.7965440e-01
   8.1793329e+00   2.0634301e-01
   7.9187129e+00   4.6055168e-01
   7.6520272e+00   1.4624039e+00
