   82.1046
   78.2622
   79.9496
   76.7949
   84.4282
   82.7902
   78.5389
   77.5958
   80.9966
   79.1687
   81.7156
   81.7420
   81.4188
   74.3284
   83.8516
   82.4922
   82.3607
   83.0173
   75.5549
   78.2579
   74.0706
   78.0350
   81.4650
   83.9734
   80.4027
   84.0988
   76.3678
   84.7509
   74.4471
   84.1058
   74.5342
   78.2984
   74.4414
   79.1433
   79.4153
   80.1320
   78.5806
   79.0979
   85.3350
   80.2220
   79.7528
   78.0149
   81.4478
   79.8459
   77.8553
   85.7977
   84.5103
   81.5186
   79.5912
   79.4579
   81.4909
   81.4677
   81.3714
   78.3386
   85.1456
   83.9734
   81.0801
   75.6921
   88.2479
   83.7668
   71.3022
   80.0024
   86.2898
   80.9425
   80.8161
   79.7506
   82.6659
   89.2197
   86.1258
   88.5536
   82.4732
   77.4359
   87.1918
   82.6138
   84.5122
   87.7074
   75.1693
   83.4236
   77.9738
   81.9227
   77.5024
   82.8388
   88.0190
   79.1900
   84.8651
   83.2151
   81.8509
   82.3622
   73.8207
   83.8355
   83.7939
   78.7216
   78.3778
   81.8461
   81.4222
   83.0446
   79.9232
   79.5232
   74.4995
   90.1258
   80.9994
   82.4177
   80.5719
   78.1612
   82.7181
   87.1523
   83.3400
   83.7000
   77.4258
   73.9102
   76.5809
   81.6673
   78.4006
   80.5310
   72.4696
   86.7609
   86.5515
   79.0342
   85.1693
   79.8902
   79.0138
   84.3238
   76.3843
   85.7955
   82.0431
   82.3505
   80.5609
   81.5158
   84.6611
   80.1736
   81.1062
   81.1656
   79.7992
   87.1054
   79.5041
   83.3747
   83.9291
   80.1135
   90.3620
   81.9304
   87.6159
   81.8743
   84.0586
   80.6042
   86.7618
   83.3860
   81.3870
   83.3903
   84.5201
   78.3786
   75.3435
   82.1736
   77.7749
   78.0391
   81.4492
   82.0740
   78.4128
   83.3415
   86.6029
   83.7010
   78.4046
   86.8260
   73.4391
   78.8082
   83.5849
   82.0673
   84.8715
   76.3326
   78.8690
   78.9899
   80.4872
   82.2813
   82.0103
   83.5638
   79.3724
   88.1634
   82.1410
   82.2674
   86.6647
   78.6754
   77.0457
   77.9714
   76.3319
   84.0457
   83.6191
   68.7335
   89.2161
   79.3538
   77.2650
   81.6594
   81.6967
   79.8787
   79.3870
   77.3210
   80.8142
   75.4553
   76.9524
   84.1345
   79.6487
   80.7648
   80.6255
   83.1045
   81.9179
   80.8489
   73.4030
   72.5735
   81.1237
   90.2842
   85.5971
   92.7220
   82.1389
   82.3509
   82.8957
   77.6171
   79.9450
   78.4930
   76.0957
   79.0093
   82.1822
   81.9667
   77.2475
   77.1910
   79.8303
   88.1892
   83.5791
   72.1989
   72.7519
   79.9223
   80.6598
   79.9752
   86.2156
   87.3644
   75.9166
   79.7636
   80.2366
   85.2282
   82.4000
   81.8358
   81.1864
   82.6868
   76.2541
   77.7741
   75.7033
   78.1346
   80.1410
   78.9904
   82.9350
   89.5596
   82.9029
   81.5622
   77.8330
   81.5363
   78.8171
   79.6776
   76.4988
   83.4635
   70.1966
   80.4297
   87.8225
   81.0121
   84.1158
   80.6954
   82.5654
   84.0469
   75.5408
   79.3945
   82.1077
   79.1316
   81.8968
   81.9876
   81.6721
   80.8237
   82.5867
   88.6230
   87.1333
   84.4454
   76.6845
   81.7238
   77.9525
   82.4055
   81.3355
   74.0813
   81.2283
   82.4364
   82.1865
   80.2717
   83.1452
   80.5446
   88.2903
   82.8261
   82.4041
   83.6148
   77.3560
   72.7406
   79.1864
   79.2733
   71.2326
   83.3843
   91.4533
   77.8017
   83.8647
   79.8892
   78.0161
   82.4701
   79.1460
   80.0084
   80.5312
   82.9826
   80.4661
   88.3352
   81.5383
   80.1702
   79.0021
   80.2086
   85.1693
   80.6346
   80.3010
   78.4264
   80.2368
   83.3508
   80.4963
   73.8831
   80.9882
   92.9049
   82.2085
   80.5731
   86.1342
   87.3380
   86.3781
   77.3516
   92.5341
   80.4288
   78.5597
   88.6045
   82.4182
   78.9765
   72.8237
   76.4636
   81.7896
   79.9347
   81.6331
   83.3221
   75.0364
   83.8485
   83.6148
   77.6841
   82.7428
   83.1356
   82.3981
   92.1724
   79.7008
   77.5850
   88.7932
   76.0514
   77.8842
   80.6133
   84.5354
   81.2426
   77.3291
   86.2486
   84.6046
   85.1095
   80.5391
   81.2690
   78.3101
   77.7452
   86.5304
   79.9900
   79.5455
   85.5695
   80.1219
   84.9433
   75.4290
   91.7872
   87.1494
   81.7156
   83.6649
   79.0323
   72.8605
   81.3389
   80.2299
   82.5881
   78.6146
   84.9469
   80.6844
   85.2593
   81.4775
   74.5033
   72.4349
   84.4679
   82.4670
   79.0306
   84.6238
   84.0991
   82.1760
   77.7801
   81.7676
   70.4481
   79.7489
   79.4339
   79.2645
   81.8638
   79.3272
   84.2078
   77.4522
   83.3496
   80.6600
   74.6386
   79.7686
   85.0709
   90.4417
   72.5134
   79.6298
   79.0390
   81.1141
   81.7736
   79.9881
   78.3814
   78.7378
   80.9970
   76.7523
   75.7005
   82.6604
   80.8386
   79.8792
   82.0500
   79.2992
   84.0428
   75.6507
   71.9921
   82.6628
   75.4850
   73.2074
   75.6057
   81.2201
   76.5395
   80.4254
   77.7586
   81.3458
   81.3169
   82.8038
   87.2554
   82.0709
   80.8065
   83.4006
   79.4711
   82.0072
   80.5365
   87.2461
   75.2262
   84.2041
   78.7007
   78.8051
   83.4736
   81.2747
   78.7319
   83.5504
   82.6940
   84.6487
   78.7039
   80.6442
   82.0110
   85.8936
   80.0630
   78.5432
   81.3573
   78.1140
   81.4497
   78.4587
   81.1198
   76.9729
   80.1619
   82.0532
   81.3920
   80.6100
   80.6464
   80.7093
   79.2267
   79.7382
   79.4170
   79.8617
   81.9273
   76.7348
   83.9413
   79.9115
   81.2228
   80.4443
   77.3524
   92.6636
   80.5700
   88.8137
   84.2554
   80.1028
   85.3359
   74.9811
   78.6813
   80.1396
   81.4538
   81.6668
   82.1956
   79.3068
   83.6538
   77.0426
   85.4886
   81.5653
   80.7536
   82.2131
   81.6694
   82.3452
   80.9633
   80.7299
   87.3191
   73.9882
   78.1780
   79.1548
   85.6234
   87.1994
   93.7226
   77.5276
   81.7389
   81.5354
   82.1209
   84.6108
   89.0874
   78.4475
   73.7043
   84.1125
   80.8364
   80.2722
   79.6415
   81.4928
   79.5440
   83.4097
   79.6537
   81.6943
   80.0400
   85.7493
   74.7382
   79.5661
   82.7275
   83.3608
   79.7925
   83.2397
   70.3498
   82.0378
   83.6917
   71.9614
   81.3685
   78.2665
   88.3592
   87.5020
   87.3196
   79.0206
   81.6891
   78.9981
   77.9151
   82.6506
   79.9019
   79.8933
   79.6702
   79.1026
   88.6249
   80.2349
   79.6932
   69.6151
   86.5045
   80.2164
   78.3108
   79.9529
   88.0145
   93.0626
   78.1430
   80.7996
   85.1966
   78.8358
   85.3014
   80.6825
   86.2915
   79.9309
   73.9087
   78.9449
   81.5227
   81.4212
   79.6321
   89.6846
   84.5699
   78.5791
   78.9722
   78.6672
   79.8703
   74.9014
   80.0621
   80.8687
   80.1602
   78.3690
   76.7221
   71.4832
   85.0709
   84.9718
   81.1768
   74.2467
   83.9679
   79.6178
   76.1873
   82.2722
   78.3244
   86.4045
   81.9236
   81.6417
   78.1758
   85.9068
   78.2323
   77.6612
   81.0538
   77.5465
   80.3646
   90.9868
   83.2737
   86.7463
   74.4931
   82.3485
   77.8043
   82.3698
   87.7019
   82.0994
   80.8340
   83.1243
   75.6698
   83.9310
   88.0722
   85.1916
   86.8753
   84.2616
   82.9489
   71.2658
   84.5000
   89.6197
   81.2510
   83.3714
   80.7397
   78.9289
   83.1380
   78.1629
   86.2108
   70.2320
   85.3500
   79.9507
   80.3067
   79.3073
   80.9003
   80.8845
   84.5680
   72.0776
   83.6761
   80.6016
   73.8527
   86.1993
   82.1855
   81.2012
   80.2387
   80.8661
   79.6539
   81.1131
   81.9730
   83.0446
   78.5066
   81.1775
   69.2742
   80.6945
   80.3495
   81.4224
   84.0232
   79.7224
   84.0998
   76.7783
   80.3936
   91.2774
   85.3060
   73.1492
   82.1764
   75.5061
   73.8834
   81.6668
   85.9801
   84.3382
   81.9045
   80.0740
   83.2790
   79.5814
   82.7737
   87.4757
   78.9672
   78.1059
   83.7154
   82.7732
   79.7418
   79.2477
   75.2763
   80.1940
   79.6896
   79.1847
   85.6102
   79.5024
   82.7172
   78.7912
   80.6703
   81.0181
   84.1673
   71.5062
   80.0716
   81.8040
   80.6590
   79.5658
   80.0355
   83.0942
   80.3912
   82.5874
   80.3840
   81.5464
   76.8789
   77.6782
   79.5024
   83.6574
   82.2418
   88.8377
   74.2601
   70.5475
   82.2578
   84.9768
   82.3998
   80.0932
   78.6754
   74.5287
   80.5262
   90.0475
   78.6560
   78.6033
   86.2180
   83.7783
   72.6722
   79.6060
   81.5244
   79.6757
   93.9047
   73.7357
   82.6645
   80.0884
   77.6365
   81.7664
   81.3822
   77.0584
   83.6122
   76.4937
   82.8924
   81.3654
   79.4370
   80.2504
   84.7013
   70.5113
   76.1045
   88.1449
   79.8701
   75.9728
   88.5804
   79.5630
   78.5959
   82.4795
   80.1322
   85.3314
   82.6355
   83.0705
   75.8223
   77.1032
   79.0787
   78.5006
   79.2140
   86.3803
   82.6310
   82.4426
   80.0446
   79.9965
   83.6838
   75.4987
   80.6401
   79.3418
   84.3023
   82.1113
   74.7686
   71.4647
   92.3854
   79.9823
   87.5941
   78.4092
   79.6039
   77.7136
   78.9494
   80.0259
   85.0108
   80.0800
   78.9523
   80.0190
   85.0874
   79.0883
   79.8703
   80.9099
   81.3180
   83.4997
   75.5322
   78.5681
   80.7991
   83.2912
   86.3420
   82.0223
   80.5860
   86.7973
   77.3356
   78.5890
   91.0753
   84.2942
   82.8354
   85.0216
   73.0398
   74.4009
   83.7936
   88.7874
   80.7357
   77.7121
   82.6339
   83.7252
   80.3201
   82.2545
   78.6454
   84.3782
   83.3927
   92.1248
   80.5073
   81.2151
   79.4203
   83.2433
   80.6449
   76.3827
   80.3799
   83.3245
   79.5134
   78.4944
   81.9301
   81.6943
   85.0018
   81.1706
   82.7531
   80.6670
   83.0485
   86.1529
   79.2195
   79.5196
   85.2186
   90.5399
   79.1752
   72.4349
   82.0369
   83.8829
   82.4728
   83.3826
   81.4152
   78.6474
   78.6028
   81.1964
   83.0260
   76.7824
   77.6236
   82.0457
   84.1893
   77.9824
   75.0261
   81.3384
   82.5747
   81.6797
   82.0982
   83.2864
   78.0312
   75.7036
   77.6489
   85.0609
   80.1238
   86.1584
   78.1239
   85.8790
   89.1101
   77.7806
   84.4048
   84.8603
   76.7781
   83.3553
   81.1802
   81.3721
   93.0889
   79.5259
   80.2665
   82.5613
   77.5362
   93.2939
   82.4290
   70.5077
   84.7379
   77.0922
   79.6714
   77.5956
   82.3315
   77.7425
   80.2507
   85.0793
   84.0387
   83.0791
   72.6669
   87.3933
   75.9429
   87.4156
   78.5124
   83.7115
   78.5820
   86.4526
   82.1846
   80.7830
   75.4103
   80.2959
   90.0970
   79.2542
   84.6549
   77.1309
   74.0931
   79.7344
   80.1248
   84.7444
   79.9866
   83.4456
   81.1689
   79.3430
   78.2005
   73.4693
   84.1690
   80.5700
   80.9597
   80.1758
   74.1165
   86.8760
   82.7279
   86.2170
   84.0103
   89.2063
   82.9039
   81.6872
   83.7034
   78.2297
   84.4258
   81.1452
   78.2378
   76.6828
   83.8877
   80.7823
   81.1440
   80.3000
   87.6336
   84.4364
   81.7077
   82.3797
   81.9543
   76.6737
   86.6529
   81.2745
   77.8242
   81.2209
   86.0368
   88.9940
   72.5642
   83.4853
   83.3125
   87.9362
   71.2754
   80.1269
   84.6034
   81.2249
   85.5987
   83.3381
   86.0095
   80.5975
   87.1120
   81.1859
   80.5942
   80.4850
   78.3012
   75.1183
   79.5381
   79.0629
   87.5496
   81.9785
   74.5007
   77.3569
   83.3731
   80.4817
   80.5978
   77.3002
   86.1108
   80.3002
   74.7657
   84.8694
   81.6347
   76.5900
   76.5440
   86.7355
   82.6695
   80.6593
   72.9115
   80.4537
   80.0743
   81.9474
   78.1622
   91.8018
   87.7186
   78.6282
   79.8100
   80.6267
   83.0298
   92.5592
   79.2712
   81.5069
   80.6095
   82.1726
   84.8208
   86.8203
   78.7592
   82.0836
   82.0756
   83.1789
   81.0679
   81.2072
   80.6263
   71.3723
   81.6469
   90.7280
   74.2029
   85.3749
   80.8718
   86.1876
   80.8163
   79.2963
   79.1503
   92.4891
   76.3314
   79.0576
   81.7161
   79.9182
   78.5272
   90.6124
   81.4121
   80.1243
   77.1831
   80.2957
   91.2551
   76.4641
   82.3954
   81.2240
   73.3323
   74.7410
   83.8192
   80.6205
   84.4811
   80.5597
   80.7696
   79.3760
   70.2942
   81.3501
   84.7083
   78.1734
   81.4207
   82.1853
   78.1205
   79.9055
   80.1030
   82.4699
   87.1465
   83.0118
   81.2953
   89.6659
   80.6174
   83.1358
   85.0807
   90.9925
   85.3840
   82.5226
   77.1597
   77.9596
   79.0744
   78.7256
   83.6103
   79.9359
   76.6163
   85.6646
   77.3105
   77.4639
   77.3993
   75.1269
   82.3471
   82.0936
   75.1865
   79.5840
   81.6445
   87.9513
   84.4679
   91.1720
   81.0576
   85.9224
   82.7593
   80.0355
   81.4217
   82.8910
   79.9012
   83.9377
   82.6358
   77.9960
   81.9452
   78.0348
   77.1745
   83.3099
   81.8169
   80.8063
   81.0258
   83.0801
   89.5139
   79.9634
   81.3566
   84.9682
   82.9872
   87.0079
   78.6708
   78.3798
   75.2152
   80.2421
   84.7760
   82.9264
   84.2156
   82.6030
   89.3583
   83.2369
   84.0845
   74.9960
   83.8322
   89.3358
   79.7636
   79.9642
   83.2570
   83.9703
   86.8035
   79.2104
   82.5479
   79.2231
   73.6780
   83.9305
   82.7789
   79.0667
   83.7618
   79.9079
   75.2344
   87.1975
   80.1727
   76.4739
   75.0553
   82.8833
   74.4591
   85.5987
   80.8017
   79.8998
   81.4662
   81.9122
   75.7306
   74.8538
   72.7741
   78.2558
   78.5265
   80.3158
   79.7492
   78.2189
   83.5873
   85.3960
   83.6340
   84.9125
   79.9785
   74.2475
   80.6873
   90.1085
   90.2392
   87.1286
   72.5108
   72.1912
   88.5117
   79.6302
   79.5062
   88.7300
   85.6708
   83.7922
   82.6324
   76.0952
   85.9410
   79.7087
   86.4203
   78.0678
   76.2510
   77.9137
   80.0309
   85.4288
   84.6870
   81.2398
   73.5289
   80.8087
   88.1191
   81.9684
   85.9339
   81.3480
   88.9069
   80.0384
   77.3184
   80.7048
   84.0737
   79.3344
   78.7407
   80.6590
   79.5524
   88.0104
   77.5963
   80.7787
   71.8782
   82.3926
   77.9087
   74.6908
   79.8442
   81.4911
   81.4744
   82.4192
   89.2951
   85.8271
   80.5370
   89.3710
   76.9524
   73.9298
   84.2434
   82.5755
   79.0308
   79.4114
   86.0717
   79.7272
   83.5487
   82.6631
   80.5556
   77.5786
   79.6068
   78.3874
   79.5783
   80.3048
   78.5432
   74.0469
   74.2807
   82.8371
   81.7336
   83.5583
   84.6046
   81.8665
   79.3585
   76.2924
   78.0523
   83.2565
   83.9370
   82.6784
   75.6732
   87.8151
   82.5448
   77.5819
   82.6150
   79.2388
   79.5060
   83.8523
   79.0584
   83.0123
   84.9445
   84.0790
   82.2471
   79.6695
   79.6530
   86.7097
   72.0175
   89.7473
   82.5850
   80.5863
   78.7517
   82.4534
   76.6917
   81.8940
   78.6653
   86.9577
   79.7078
   81.1857
   78.4896
   80.3976
   69.4650
   83.6603
   89.1273
   80.6267
   85.5425
   83.1098
   82.3612
   86.8358
   85.9956
   82.1839
   83.0422
   76.7987
   79.8234
   80.2006
   81.7391
   89.5709
   80.8029
   73.3304
   79.5060
   83.7225
   92.6277
   89.5362
   77.8780
   84.4213
   71.3467
   78.5873
   78.6222
   76.1332
   78.7110
   80.3986
   80.4582
   81.4937
   80.2986
   79.8631
   77.3667
   91.6695
   79.9000
   81.9244
   77.1240
   81.4365
   75.6741
   86.6584
   80.8685
   80.6432
   79.1898
   83.1890
   81.5672
   78.0824
   80.5298
   82.7224
   82.4134
   80.7134
   83.1007
   84.6611
   82.6552
   83.0233
   84.6532
   79.7667
   82.0055
   87.2985
   79.9689
   79.1740
   88.1914
   69.9917
   79.7794
   79.7621
   81.7051
   78.9322
   79.5701
   79.3897
   84.3267
   84.6444
   81.3003
   79.2367
   80.7012
   78.0082
   88.1021
   80.8374
   77.3102
   75.7976
   78.1014
   85.3692
   82.1642
   80.7940
   81.0504
   85.9784
   80.2686
   82.1829
   84.5273
   87.5623
   70.0881
   85.4530
   86.4866
   83.4789
   82.7347
   82.0364
   79.2757
   80.1710
   80.8901
   72.0955
   84.6786
   71.0566
   80.4982
   79.4711
   83.3321
   90.5372
   79.7391
   81.3956
   84.1917
   82.9927
   80.7881
   78.4307
   80.7009
   79.6216
   84.7365
   80.5755
   79.5345
   83.9205
   77.8596
   80.9832
   83.7422
   83.3532
   80.2634
   87.5999
   81.8535
   79.9871
   79.7389
   72.8668
   76.1083
   79.6001
   83.9696
   75.5523
   79.4292
   88.7345
   82.2200
   80.3785
   80.7704
   77.0711
   79.8928
   81.0133
   78.0453
   81.8322
   73.3153
   80.8192
   88.4547
   75.3024
   82.8019
   77.9994
   79.1268
   77.9630
   82.0867
   85.5432
   75.1817
   88.9514
   81.4722
   73.3445
   77.5999
   83.7836
   93.3274
   83.4346
   82.0354
   84.1314
   80.0250
   76.2587
   84.5876
   88.1437
   81.5387
   80.2026
   76.7412
   77.5982
   78.2325
   82.8340
   89.6030
   78.6316
   84.3207
   80.7443
   81.5237
   82.9860
   80.2990
   74.4224
   73.2770
   78.8769
   81.2821
   81.8459
   74.4454
   88.9215
   81.8224
   81.3671
   84.0773
   76.2869
   82.9630
   82.1522
   81.0847
   90.8702
   82.4046
   82.8455
   76.1643
   82.5008
   80.2981
   75.6612
   87.1109
   85.0302
   86.0002
   83.7259
   85.8580
   82.9530
   82.4761
   80.0135
   79.5632
   89.6590
   75.1453
   81.8526
   84.1563
   80.9891
   74.9218
   80.9039
   86.1498
   79.6623
   80.4798
   81.0947
   82.3871
   82.3799
   80.0903
   81.9900
   78.1006
   79.9551
   81.8717
   75.3488
   80.8264
   83.9234
   82.2456
   78.1449
   80.3613
   92.5415
   79.9120
   76.6673
   84.5493
   81.8516
   85.7196
   80.2466
   84.2267
   79.0591
   80.6205
   81.5179
   77.5869
   79.4598
   79.7310
   68.3206
   82.9036
   79.6577
   80.5561
   71.4703
   78.2550
   78.5021
   80.2033
   78.1401
   76.7398
   86.7144
   86.6637
   73.3551
   81.6553
   74.5922
   77.1697
   80.5044
   82.2396
   81.2046
   93.3374
   80.7218
   86.8586
   84.5058
   78.1911
   83.6263
   82.2056
   80.8192
   82.9963
   79.8315
   80.5331
   83.9009
   87.2382
   73.7371
   77.7653
   82.0036
   79.0708
   81.3731
   78.3994
   91.2970
   85.0932
   80.9180
   82.8297
   82.1113
   82.7081
   81.4813
   88.2603
   81.5694
   81.6766
   84.1043
   78.9650
   81.1718
   77.8637
   81.3293
   82.3222
   81.2558
   88.1820
   78.9245
   81.3685
   82.8354
   87.7967
   77.7265
   90.3352
   81.8933
   80.0867
   83.3340
   81.8648
   84.5333
   86.4375
   79.4155
   81.4562
   80.0491
   78.2273
   82.1367
   93.9576
   80.3476
   83.0911
   77.3090
   78.7747
   84.2968
   76.6903
   82.6870
   76.5016
   73.8647
   79.6135
   75.2832
   80.8944
   75.5729
   83.2191
   76.4300
   80.8285
   80.3244
   80.2275
   74.9170
   79.9572
   83.3197
   84.7566
   81.6168
   71.0310
   81.3082
   78.0719
   86.0179
   79.0124
   76.4090
   78.8049
   84.3889
   84.3339
   79.3200
   84.8959
   80.4489
   84.3703
   82.9058
   85.1897
   78.4934
   79.6798
   77.7784
   90.3654
   87.6456
   78.2069
   78.3285
   82.9115
   80.5037
   80.7842
   83.5483
   85.0302
   75.3359
   81.3099
   81.7963
   80.7450
   80.9690
   79.9457
   79.4368
   77.9664
   77.9910
   83.9361
   89.8308
   78.3527
   81.0856
   81.0473
   82.3689
   76.9220
   79.9146
   85.6880
   74.7753
   75.9726
   78.7187
   71.2211
   84.8526
   79.6556
   81.5335
   83.4870
   77.4440
   93.1347
   85.1686
   83.6321
   80.6660
   80.0338
   73.1899
   72.3193
   75.4754
   78.0824
   80.2930
   85.5552
   80.4388
   78.0054
   81.1663
   83.1394
   82.3461
   92.9188
   84.8792
   82.5214
   79.9551
   81.7779
   83.7479
   79.6525
   79.9900
   72.3397
   72.2463
   84.2192
   80.2804
   80.2363
   87.4340
   71.1272
   81.2180
   83.2553
   86.3700
   81.7592
   87.3921
   87.9712
   81.7049
   84.7514
   80.0089
   83.4571
   88.7386
   84.5041
   79.6913
   81.4461
   84.4351
   77.5199
   84.7315
   79.1692
   81.4447
   79.0361
   78.8403
   78.6684
   82.7962
   92.0769
   80.7167
   82.7742
   73.9765
   82.2583
   78.8465
   87.3732
   79.1773
   80.3213
   85.2598
   81.3966
   88.9751
   80.8053
   74.7870
   81.8672
   85.1968
   78.0951
   82.0211
   80.7031
   89.2209
   81.9067
   78.5734
   77.6643
   78.4590
   84.6185
   78.6543
   80.0307
   78.1004
   76.2639
   81.4672
   77.2516
   79.2195
   85.2950
   86.0739
   83.5215
   79.1651
   81.5790
   79.6206
   84.9639
   88.4810
   86.6616
   86.4047
   82.1863
   85.7828
   80.2006
   79.5213
   80.1920
   84.3317
   82.0378
   91.0962
   82.1314
   78.7134
   83.8932
   83.4566
   76.2378
   80.4776
   88.3762
   75.5439
   79.0660
   83.6230
   85.7357
   81.5689
   82.4773
   82.0467
   85.2086
   80.0451
   91.1773
   82.5563
   70.9362
   80.8206
   83.4758
   82.0053
   81.1727
   73.9892
   78.9394
   84.8509
   68.5648
   83.1098
   79.1697
   81.2872
   82.2798
   84.0562
   81.5081
   78.1286
   78.9212
   79.7128
   80.0573
   82.3311
   84.5565
   81.3592
   82.0103
   79.9046
   73.4353
   77.3093
   85.7941
   68.7091
   72.0546
   88.4566
   81.5957
   80.9585
   78.7922
   80.5731
   79.1958
   80.9449
   87.0225
   82.8146
   84.4294
   80.4965
   81.8590
   80.0147
   84.5886
   85.5427
   83.6835
   88.5782
   80.6404
   82.0797
   91.3736
   83.2735
   75.1130
   84.9314
   79.9658
   82.8546
   80.4692
   79.9072
   81.9524
   79.8258
   78.2371
   81.8976
   74.3540
   80.3419
   76.5964
   80.1130
   80.7701
   72.7459
   78.4477
   80.2330
   84.6365
   73.7271
   82.8160
   87.4515
   82.8914
   79.2661
   82.7540
   83.4698
   84.7073
   79.1381
   81.4461
   68.8597
   79.2453
   82.3244
   82.2624
   82.7236
   80.6411
   79.8983
   90.9322
   79.5218
   77.4239
   79.7176
   81.6929
   84.3815
   83.5042
   87.6966
   79.2197
   78.1107
   82.8895
   78.2964
   78.2680
   84.9242
   76.4167
   82.0694
   70.8821
   82.8515
   85.3519
   84.0507
   75.3380
   78.2261
   82.1360
   78.0262
   89.4481
   76.3827
   80.7806
   83.0561
   74.2300
   80.6387
   79.2870
   75.4632
   80.7182
   78.6431
   77.6939
   82.3964
   79.6975
   77.8163
   88.3149
   75.9451
   80.9104
   83.2862
   82.8933
   76.9887
   85.3103
   76.9718
   84.8313
   87.5977
   85.1013
   74.6477
   80.9954
   71.4616
   80.0537
   77.7959
   80.8489
   82.4215
   89.0028
   80.7455
   79.1687
   81.8322
   74.2609
   80.3653
   75.9539
   89.5568
   79.9536
   86.2644
   85.8472
   75.7919
   82.9637
   72.2552
   79.7521
   89.2585
   87.6851
   80.9209
   80.5272
   87.9190
   78.5483
   81.8528
   77.7990
   79.5742
   81.6067
   82.6640
   83.7316
   82.7710
   81.9074
   86.1201
   81.1127
   75.1532
   79.5970
   79.2216
   86.2369
   80.2799
   88.7745
   83.5514
   82.7868
   85.0391
   83.9432
   85.7088
   79.6336
   79.4691
   81.0291
   82.3148
   81.0009
   81.8877
   81.5974
   77.7287
   79.2357
   81.9153
   82.7732
   79.9409
   79.6128
   71.8707
   77.4680
   85.2002
   80.9944
   82.2978
   83.6141
   83.5892
   72.8610
   80.9243
   76.7391
   78.6074
   80.6839
   81.4219
   82.9340
   84.8423
   83.8422
   85.4084
   81.6153
   81.0396
   76.2857
   73.8532
   84.9381
   81.0365
   81.0049
   79.9555
   79.9816
   78.0499
   74.4050
   80.0709
   80.3773
   74.9486
   76.2259
   74.2589
   75.6633
   84.7126
   74.4878
   82.4211
   78.1409
   79.1153
   78.8621
   79.8909
   81.1536
   74.4440
   83.1248
   80.4541
   79.8935
   79.5464
   77.6997
   87.1257
   79.6649
   80.3175
   85.5446
   86.2312
   80.3294
   79.7999
   82.4268
   88.2280
   76.5857
   78.3628
   77.0290
   80.5829
   76.2311
   81.7573
   83.9969
   84.8691
   86.0181
   77.6159
   85.1521
   80.1295
   79.4038
   81.0195
   79.7480
   74.5132
   86.5062
   81.2022
   80.4343
   81.4645
   80.1935
   83.0202
   83.5634
   80.4331
   82.0766
   79.5713
   78.6466
   80.5267
   79.6786
   82.6612
   84.5685
   72.6834
   82.6300
   83.4932
   86.0433
   85.0006
   82.0151
   76.1040
   85.2076
   75.3084
   79.9649
   80.6497
   77.5264
   82.0002
   82.1906
   76.7590
   76.0595
   75.0821
   75.7134
   86.7492
   86.3401
   77.5238
   81.9789
   80.0625
   74.6853
   81.7489
   81.6694
   76.6015
   84.6113
   81.8700
   77.7421
   79.0430
   79.0275
   75.5068
   84.0957
   88.8341
   89.6652
   77.7859
   83.6129
   91.1251
   83.8441
   77.8823
   72.1168
   77.5197
   90.3280
   81.2642
   88.7716
   82.2964
   87.2777
   88.0389
   87.5937
   79.4224
   70.7806
   90.5174
   80.5425
   78.6057
   82.0431
   74.1486
   80.3883
   87.9506
   83.9566
   80.5968
   78.2112
   82.2389
   82.8629
   86.7417
   78.9396
   80.2694
   85.2823
   80.0855
   81.6852
   72.4397
   87.6791
   82.4350
   82.6657
   89.8081
   83.3999
   84.2511
   80.4539
   88.9279
   79.9098
   82.0407
   81.0121
   80.9085
   88.5739
   87.4551
   91.3377
   80.5513
   79.9850
   75.3895
   81.5964
   84.4339
   74.0131
   76.7501
   74.9311
   81.1438
   76.3446
   81.2077
   86.9536
   85.7354
   82.3868
   84.7775
   76.7654
   82.2083
   80.5844
   77.0996
   81.7310
   79.4981
   90.2107
   81.9888
   76.4794
   86.2498
   82.7100
   77.9324
   81.9009
   81.6558
   83.7580
   81.3683
   78.7307
   76.0897
   80.8321
   80.5872
   80.0281
   83.2000
   82.5400
   79.2204
   82.3110
   78.7062
   88.1349
   78.8752
   78.5284
   85.0958
   75.8304
   78.8554
   83.8528
   76.8935
   78.9296
   76.5244
   79.5764
   83.3470
   80.1107
   81.8425
   75.2986
   78.6557
   79.5850
   79.9917
   81.9155
   81.3257
   74.1405
   80.3706
   74.0919
   92.5298
   83.3120
   71.4279
   81.3303
   76.3008
   77.8222
   77.6547
   74.2812
   78.5284
   78.8403
   82.4965
   79.6202
   70.9740
   79.8650
   78.3223
   82.1266
   84.5417
   78.1519
   80.9190
   83.3010
   90.2526
   79.7952
   82.3988
   79.7042
   73.4312
   81.4064
   82.7969
   83.6929
   82.3830
   80.9987
   81.2982
   86.3475
   82.0826
   86.0301
   82.2279
   81.6994
   81.4059
   78.9988
   79.8897
   84.1242
   83.6493
   78.0116
   74.1778
   82.2279
   79.9285
   74.0153
   77.3318
   78.6797
   80.4822
   79.7619
   81.0626
   83.0324
   80.9559
   79.3715
   90.0302
   89.1709
   78.1646
   75.2684
   81.9359
   73.6150
   78.1995
   81.0710
   85.2292
   78.1880
   80.6954
   80.9918
   81.0851
   86.2690
   77.4675
   82.9642
   78.7924
   81.8698
   80.7792
   79.8318
   78.7759
   82.1831
   82.0879
   80.8252
   82.4256
   81.6412
   81.6319
   79.7118
   69.7860
   79.2690
   78.1241
   82.9656
   92.6598
   75.4716
   81.6287
   77.5149
   78.0777
   81.5842
   77.0838
   84.2379
   80.5362
   77.4247
   81.4892
   80.5219
   84.3540
   81.3429
   76.3403
   70.8539
   83.5052
   79.4497
   80.7069
   86.1682
   76.9995
   74.7760
   85.6179
   79.3418
   82.7775
   80.6571
   71.9210
   73.0803
   84.1158
   80.6152
   84.1747
   74.1689
   78.5246
   78.9933
   85.5616
   81.3516
   82.1965
   79.9165
   81.9299
   80.8726
   84.7791
   73.8384
   84.5187
   78.7467
   79.6333
   80.2672
   80.0180
   82.5443
   81.8791
   79.1431
   91.0713
   86.2656
   92.8410
   76.5270
   84.2525
   77.1867
   77.5403
   92.3203
   80.3749
   70.5867
   81.1249
   86.0107
   87.5604
   81.9976
   87.5432
   81.3188
   76.1505
   75.8319
   79.6894
   81.6967
   79.0816
   91.1687
   84.4344
   80.5140
   80.8115
   83.1476
   78.7074
   80.2516
   75.6406
   79.5484
   91.4272
   76.2515
   84.9893
   80.3615
   83.0851
   85.6083
   85.2004
   85.9554
   82.3232
   88.0509
   86.7590
   80.6930
   77.1120
   83.5861
   82.8474
   82.2274
   83.9641
   88.3661
   79.3583
   80.8309
   80.6018
   80.8489
   89.3473
   84.0969
   80.4767
   91.6190
   81.0849
   79.0100
   80.3955
   84.7348
   81.5103
   77.1204
   88.7647
   93.8154
   73.0848
   83.5902
   80.3802
   80.2464
   80.7344
   82.0958
   78.1303
   79.5833
   79.4327
   86.0112
   80.1391
   78.6421
   77.8986
   84.7382
   74.2139
   81.3707
   80.9228
   88.8978
   82.0838
   85.8293
   84.3846
   80.5449
   80.5226
   71.9523
   85.3986
   83.2804
   82.2734
   83.1919
   82.1556
   81.1368
   82.7493
   84.5508
   82.4488
   83.7022
   75.2713
   82.2487
   80.7206
   80.7914
   89.3602
   73.0207
   80.8400
   77.9587
   77.2248
   82.3495
   76.2501
   81.1076
   85.2706
   75.8879
   90.0901
   70.8158
   81.4662
   76.4471
   80.9829
   76.7020
   78.9846
   82.5642
   85.0695
   80.5669
   80.3294
   81.0847
   85.1317
   81.1215
   73.8712
   70.1896
   81.9878
   82.1623
   82.1685
   77.8689
   75.0869
   84.9029
   82.3744
   82.3765
   83.4650
   80.2722
   75.7136
   81.8583
   86.6352
   86.1919
   77.5929
   77.6494
   88.3846
   69.3647
   88.5177
   76.6275
   79.9328
   80.6215
   80.8750
   74.9787
   80.2344
   75.7737
   72.2212
   90.8149
   79.4373
   81.6895
   78.5361
   83.3757
   81.0847
   83.4152
   88.6754
   80.9870
   71.1153
   82.6947
   80.1626
   80.7139
   78.6648
   78.4690
   80.8726
   79.0129
   72.6123
   85.5336
   78.5148
   80.2284
   75.0845
   83.6761
   80.3160
   80.5676
   78.3836
   81.3458
   81.9112
   81.0136
   85.9248
   82.1886
   81.4971
   78.6399
   85.5279
   79.9110
   76.6785
   78.0329
   85.4814
   83.8946
   92.3931
   76.2805
   78.2098
   78.5306
   79.9744
   84.8270
   76.0327
   80.9281
   82.8050
   81.7697
   79.5091
   83.6572
   85.4403
   82.2820
   84.3681
   77.9395
   84.0467
   84.6032
   85.7005
   80.0353
   90.3568
   81.9457
   82.5003
   83.2124
   83.4499
   82.6466
   94.2092
   82.0539
   79.7066
   81.5148
   79.8576
   81.7862
   76.6536
   82.3727
   76.6733
   79.7978
   72.9156
   88.8422
   85.7263
   82.7955
   86.3097
   79.2855
   75.2097
   87.4883
   85.6600
   78.1904
   81.4815
   86.4744
   80.6473
   81.7630
   82.5549
   85.1664
   77.1494
   80.3390
   79.2077
   82.8290
   80.0491
   76.0203
   87.7263
   75.3524
   70.0316
   77.4838
   78.8750
   83.6210
   84.6080
   75.8079
   81.2718
   79.3885
   83.0616
   79.4926
   81.7834
   86.2936
   84.5898
   88.8181
   81.3247
   77.8558
   78.8348
   79.4126
   79.8402
   73.2229
   79.4155
   76.2232
   79.6453
   77.9496
   80.8754
   79.4737
   83.6747
   78.8439
   90.9111
   79.8878
   79.2128
   76.2268
   70.7002
   85.7833
   80.2387
   82.5393
   81.4784
   81.7843
   93.2421
   82.1661
   84.5489
   86.9146
   82.7780
   81.2594
   85.6521
   82.2506
   83.2215
   90.0176
   79.3550
   92.5714
   79.6805
   77.6028
   82.5893
   88.6488
   80.3883
   81.4744
   80.5140
   79.4129
   82.8684
   79.6415
   75.1044
   79.2357
   73.3919
   87.3409
   80.2074
   81.4741
   79.1819
   82.5393
   84.2621
   77.3224
   82.1159
   76.2323
   81.0059
   81.2283
   81.2249
   77.3040
   87.8613
   82.0165
   78.7520
   76.0870
   79.2638
   75.8299
   80.5820
   81.3283
   85.2933
   77.8294
   75.3567
   79.9960
   90.2100
   93.3037
   76.2120
   82.1654
   86.2817
   80.6059
   81.3901
   84.5919
   79.7214
   87.9470
   79.5326
   77.8823
   81.9136
   80.4005
   80.4805
   82.8235
   82.8436
   81.4928
   79.1357
   80.0532
   85.0477
   81.3602
   80.8570
   77.7492
   76.1184
   84.0699
   74.3499
   73.0271
   80.5865
   81.2546
   83.6459
   84.9247
   81.1529
   83.0944
   88.4315
   78.7996
   85.8034
   83.0209
   76.2340
   83.0825
   85.3405
   79.2219
   75.9910
   72.2853
   83.1827
   75.4371
   78.5629
   85.5384
   84.8145
   77.3648
   82.5422
   89.0689
   77.2815
   76.6010
   77.8847
   80.2641
   83.7132
   78.3534
   76.8772
   84.4522
   84.5261
   77.9972
   78.8867
   78.2641
   82.9405
   84.1644
   79.0589
   89.6853
   81.6728
   76.2014
   74.0579
   76.2670
   80.3194
   78.8293
   86.8346
   83.0952
   80.0443
   81.2321
   81.6761
   89.1261
   69.7214
   86.5328
   73.3802
   82.4934
   79.5713
   77.5405
   80.3531
   82.2202
   69.7487
   83.5473
   82.6293
   80.8944
   93.1378
   87.7880
   83.5653
   87.8967
   80.6842
   75.2231
   80.5497
   76.8427
   79.1568
   78.2847
   78.5753
   70.7421
   78.9114
   80.6128
   77.3311
   81.3341
   80.6578
   80.4769
   76.3456
   79.8234
   86.0998
   82.2868
   80.6313
   84.4900
   74.9747
   72.8596
   75.4840
   84.9318
   76.7886
   80.0561
   79.6281
   75.4496
   74.4998
   85.7060
   85.7227
   79.3626
   80.4115
   83.7809
   79.9024
   78.9693
   80.4628
   82.7114
   84.6697
   92.9233
   81.2881
   79.1855
   83.6356
   78.4123
   76.8717
   81.5126
   80.8146
   80.8391
   82.6707
   81.7412
   79.5448
   75.4821
   83.4128
   80.9458
   78.0810
   82.8814
   83.1519
   79.6183
   81.8475
   83.0683
   80.3577
   82.1736
   83.7628
   83.2481
   89.5742
   80.9398
   80.2667
   88.5761
   74.6329
   89.7753
   80.4202
   84.4421
   79.3030
   80.9008
   80.3302
   81.1098
   80.1935
   85.1054
   84.9721
   73.2512
   81.7075
   80.8695
   78.5511
   76.9471
   84.9776
   84.7372
   87.6059
   87.3325
   84.1232
   74.6099
   83.7551
   69.5739
   79.6585
   78.6991
   83.3417
   78.5291
   82.4735
   79.8311
   81.0569
   77.6257
   89.0218
   77.1530
   78.4358
   79.8957
   78.2675
   79.5601
   83.9401
   84.0974
   82.2217
   80.5841
   79.2434
   80.0369
   77.5982
   81.9761
   81.8930
   80.1102
   82.6327
   89.1146
   86.4550
   79.0445
   81.1325
   82.0247
   68.7285
   78.5322
   82.6971
   79.6343
   81.0906
   69.7207
   69.0306
   80.7584
   83.5713
   77.2489
   82.4986
   89.9182
   76.7283
   72.2801
   72.2205
   78.3175
   80.2643
   87.2487
   78.8154
   83.2153
   83.4607
   81.6575
   80.2215
   79.7518
   79.5400
   78.9150
   77.9187
   81.0198
   80.4424
   77.4730
   81.8009
   80.2720
   84.7839
   77.5494
   77.0424
   82.5139
   69.5797
   81.0700
   76.6953
   79.9290
   79.4816
   84.1146
   78.2912
   85.6682
   77.2691
   80.0376
   83.3606
   80.8932
   85.3335
   79.6451
   87.6846
   82.7868
   78.3300
   78.5042
   80.9130
   81.6455
   78.5952
   83.9942
   90.4628
   82.1633
   82.7789
   78.9554
   82.9776
   84.3688
   93.8344
   82.1748
   84.4385
   79.0117
   80.3618
   82.0831
   80.6696
   82.0874
   86.6606
   78.4607
   82.8981
   79.7870
   73.8214
   85.3093
   79.4066
   81.3697
   82.7488
   79.8423
   78.7378
   78.7445
   82.7234
   85.4108
   83.0889
   86.0425
   78.5930
   78.2550
   78.3680
   77.1197
   82.3399
   76.5237
   84.8416
   81.9435
   69.7992
   79.4442
   78.6921
   88.3015
   82.2763
   80.3122
   82.2030
   85.4640
   80.0436
   78.2215
   78.0978
   80.7711
   79.6025
   79.9565
   76.3496
   81.7417
   82.5228
   78.5162
   82.6731
   87.1544
   86.3217
   78.9652
   86.1419
   74.8291
   74.9766
   76.6984
   80.4549
   83.4769
   82.5779
   81.9447
   82.3794
   71.6816
   91.1242
   75.6179
   85.3531
   80.5372
   85.7304
   79.8411
   73.5114
   80.7160
   83.0865
   78.1684
   80.0685
   85.5700
   82.7720
   80.8331
   80.8242
   74.1756
   80.9178
   77.7160
   76.6146
   76.9533
   73.9207
   84.4756
   76.4131
   86.9883
   81.4614
   80.7962
   80.1142
   85.6928
   79.9194
   77.4093
   79.6032
   83.9028
   80.1458
   80.8520
   86.5895
   69.3501
   83.5241
   81.1859
   84.3662
   82.2564
   87.1312
   80.4742
   92.4118
   83.4758
   84.6312
   79.9539
   73.4874
   81.0188
   85.2198
   80.4776
   80.8563
   84.8653
   72.0716
   80.1935
   85.3598
   83.2256
   82.3028
   81.0607
   79.3207
   84.1106
   76.9378
   77.1314
   77.6985
   71.2654
   79.0107
   83.5894
   73.3118
   84.0347
   78.1172
   85.0379
   83.6854
   78.6526
   68.8283
   86.8430
   79.5067
   75.5420
   80.6918
   81.6034
   83.3592
   81.4643
   86.5591
   82.4826
   86.5680
   83.0729
   82.9417
   78.0281
   73.6402
   83.3302
   80.9185
   80.0623
   73.6655
   81.8344
   77.5202
   81.3848
   86.7511
   81.2762
   79.5223
   77.5896
   79.8519
   80.6612
   88.0810
   71.3838
   79.2977
   83.4556
   84.8519
   93.0822
   80.6492
   79.5036
   74.9175
   77.2090
   80.8503
   86.1316
   82.0783
   77.9405
   89.2772
   84.3246
   81.6809
   86.1823
   82.3454
   76.3810
   87.3155
   82.1508
   72.5446
   88.6651
   85.5600
   86.2659
   89.0050
   82.6851
   78.3316
   83.2914
   79.6736
   83.5009
   80.4249
   83.9554
   80.1504
   80.5190
   83.9440
   80.6126
   92.8651
   79.8756
   78.9827
   82.2032
   79.5919
   83.7340
   81.8731
   80.3675
   85.4032
   77.7251
   78.0784
   76.8233
   82.6449
   81.0940
   82.4697
   82.8531
   77.7014
   80.0472
   80.2382
   83.0384
   74.3576
   84.2652
   80.1937
   77.4158
   81.0155
   85.6234
   80.0977
   91.3769
   85.7598
   78.7697
   74.9117
   81.2223
   79.3111
   82.1108
   91.7509
   80.7069
   83.0528
   87.1963
   79.2690
   77.8534
   83.3039
   79.5419
   79.0725
   88.4492
   69.8475
   82.3998
   80.6543
   90.4810
   76.2491
   75.2081
   76.3147
   72.0402
   81.2960
   82.2952
   84.3238
   79.7356
   79.5527
   83.7508
   79.7210
   76.4296
   76.9871
   80.9078
   79.9067
   80.6799
   81.7360
   77.4610
   76.7604
   80.7194
   85.7929
   81.2403
   82.0314
   81.7460
   88.9914
   86.0672
   79.9235
   82.3406
   76.9174
   85.7898
   80.6724
   81.2498
   88.7364
   80.8297
   79.0632
   85.4482
   87.5116
   80.5540
   84.3791
   84.2762
   70.3313
   81.9296
   77.8254
   81.8933
   83.6021
   81.9110
   80.9674
   81.6065
   81.8176
   87.8170
   74.2001
   81.0734
   79.8280
   82.9063
   84.8883
   82.1817
   80.6775
   82.4958
   87.9941
   78.7457
   69.9522
   78.5042
   81.1601
   79.0988
   86.8229
   81.1811
   81.1402
   82.4026
   75.8378
   78.7565
   83.2814
   79.6209
   82.2281
   82.5410
   78.9356
   78.0195
   75.3361
   79.2183
   81.2474
   86.0461
   78.7675
   79.7841
   82.5465
   87.7706
   88.0379
   80.4862
   82.1410
   73.2256
   86.9376
   79.2657
   75.3646
   79.8627
   82.4804
   83.8444
   85.6495
   80.0762
   81.4624
   83.8729
   81.5182
   80.6739
   83.1267
   81.1790
   86.5921
   76.1445
   82.6777
   76.4842
   81.2343
   84.9687
   86.5840
   79.6005
   75.0561
   78.3441
   75.9250
   78.7213
   81.2079
   83.2297
   83.9231
   82.8529
   73.1782
   83.9837
   85.5846
   78.8039
   77.1499
   78.9808
   80.3127
   73.0080
   71.9583
   69.5196
   77.1084
   83.3530
   81.9304
   82.5202
   76.8212
   77.6530
   87.5965
   82.2767
   80.8003
   84.6331
   80.8194
   82.7232
   76.7499
   82.3931
   70.6224
   79.3932
   89.9630
   80.8807
   79.5555
   73.6316
   84.2851
   78.9983
   79.0866
   82.5207
   76.5550
   90.7709
   75.6990
   71.2721
   87.6849
   85.1913
   81.6297
   87.4225
   81.1347
   74.3736
   80.8185
   83.7055
   79.6637
   83.8499
   80.1001
   81.4222
   76.2362
   80.9164
   82.7816
   81.6876
   82.3076
   80.9238
   79.7288
   80.7361
   75.8848
   70.5214
   79.9914
   80.9161
   90.5413
   79.3705
   81.2685
   79.9792
   80.4202
   79.3820
   83.2553
   78.4300
   85.8776
   76.8624
   79.6211
   79.1201
   85.0630
   77.1692
   83.2874
   81.8669
   80.6267
   78.5425
   74.1407
   78.0305
   83.9562
   80.7763
   80.2998
   77.1405
   80.7639
   87.7160
   80.1908
   79.9950
   81.2108
   83.9234
   79.4873
   84.7145
   80.2600
   83.7237
   69.0677
   82.5417
   77.6913
   80.8786
   79.2214
   82.8531
   84.4773
   83.7879
   89.7104
   83.4705
   80.2009
   78.8365
   83.0362
   88.5191
   81.1390
   78.0647
   84.8112
   80.4747
   80.0312
   88.7795
   78.9509
   76.5349
   81.5584
   77.6671
   82.5130
   82.7536
   80.7122
   81.2357
   87.8338
   82.7253
   79.5821
   77.2621
   77.9877
   77.1556
   75.5518
   77.8321
   87.5259
   80.5944
   80.6528
   79.5725
   80.4182
   73.4346
   80.3076
   78.6505
   85.2148
   75.8702
   69.7485
   76.2326
   84.6434
   79.5919
   75.5003
   83.0075
   84.5761
   78.0250
   86.3341
   82.1793
   79.9168
   86.7891
   83.2515
   79.3562
   81.7973
   83.6378
   72.7942
   85.1011
   78.9502
   77.8704
   80.5812
   75.9185
   81.9323
   79.3640
   88.0849
   79.1038
   83.9404
   85.5504
   80.0520
   82.9618
   81.5782
   77.9041
   73.4748
   85.3534
   80.3261
   81.5260
   78.9076
   91.3042
   81.7101
   73.7833
   71.6558
   86.2905
   80.6729
   80.2777
   79.9455
   79.3820
   78.5073
   80.7613
   81.3614
   79.3762
   86.2635
   78.0997
   85.4503
   85.4494
   82.1815
   73.0942
   78.6931
   76.0619
   81.7448
   80.3433
   80.3010
   83.5234
   81.0569
   78.8216
   76.9141
   86.3094
   80.9322
   78.3742
   81.6450
   76.5744
   73.5973
   75.2184
   83.6771
   81.5584
   78.6732
   79.2776
   82.3782
   94.1992
   82.0338
   80.1295
   77.8263
   83.3510
   80.8230
   84.7387
   80.2282
   81.4564
   74.6151
   80.9671
   69.4815
   72.5032
   87.1176
   78.0573
   75.8644
   80.8256
   77.0278
   77.3820
   86.9352
   79.9833
   79.8303
   83.1035
   81.8626
   80.7182
   82.5920
   86.0552
   80.7819
   79.3942
   81.0126
   80.8608
   78.9794
   80.1561
   80.4745
   78.8525
   87.3335
   78.5732
   83.3527
   86.0552
   78.2639
   87.0075
   92.5705
   77.3593
   81.8277
   79.7724
   79.6278
   82.6269
   76.4528
   83.1691
   82.3320
   85.7555
   81.0947
   82.7737
   83.4039
   82.4467
   80.8587
   80.5008
   81.1730
   90.3017
   84.0883
   82.4321
   81.6733
   82.7962
   71.8655
   77.2391
   81.0318
   79.5838
   68.9025
   91.8734
   81.4586
   80.3345
   76.1667
   81.1026
   78.1729
   80.7220
   69.7252
   79.5388
   82.4637
   81.7097
   80.1748
   80.8225
   76.2117
   81.7274
   86.4818
   83.6584
   75.5473
   79.7437
   88.6311
   84.2499
   72.6619
   83.0372
   81.4071
   90.5466
   86.1175
   90.2423
   81.7094
   74.9120
   75.8259
   85.6710
   73.5502
   80.9863
   82.7083
   80.0867
   82.6839
   79.0648
   77.2688
   77.4591
   79.1529
   82.8113
   79.4526
   80.4520
   80.5750
   83.2713
   90.2363
   79.2762
   81.3702
   81.1560
   86.3937
   80.3498
   80.8802
   82.0390
   82.5396
   78.4461
   80.6358
   80.5688
   83.1765
   80.1303
   80.2172
   87.4912
   76.6450
   83.2077
   75.8529
   79.2257
   80.4795
   79.0878
   77.9623
   79.8526
   82.3339
   79.7743
   80.5937
   78.3596
   70.5848
   82.1522
   82.4759
   81.1127
   79.5134
   80.8072
   78.0975
   79.4296
   87.2320
   79.0184
   78.9468
   81.1756
   84.0687
   80.9370
   76.5196
   79.3071
   84.6166
   82.0500
   82.8632
   82.6332
   85.2940
   81.6189
   73.7402
   83.8001
   76.1826
   81.3958
   81.0679
   70.9580   
   79.0938
   82.0048
   76.0554
   81.6098
   78.1124
   77.3160
   83.5234
   79.0644
   84.3600
   74.8308
   74.5582
   84.7935
   83.3113
   81.8229
   80.3297
   78.3374
   89.9735
   87.1338
   84.6216
   70.2236
   80.5140
   73.9602
   81.5586
   80.4080
   90.9626
   76.9457
   75.5836
   80.9516
   79.3940
   75.9843
   82.6308
   84.2090
   79.7241
   85.9731
   87.3457
   79.0466
   84.7906
   81.1325
   80.1822
   79.7454
   80.9877
   86.2388
   75.9604
   76.5780
   87.6090
   75.4168
   76.8116
   80.0537
   80.6490
   81.5246
   89.1424
   80.0862
   77.0996
   87.4378
   80.0362
   81.1842
   78.5818
   89.8002
   85.6088
   78.5037
   78.5574
   79.0390
   75.9673
   82.8747
   85.9212
   72.0656
   80.5635
   84.6659
   79.8459
   78.1602
   81.3492
   74.7092
   73.9078
   77.5537
   78.7601
   81.2422
   89.5807
   77.3083
   89.3739
   78.6838
   79.5036
   82.0292
   79.7049
   80.4295
   83.8750
   77.6954
   82.0199
   79.2202
   84.3928
   79.4392
   81.1883
   88.4786
   79.9369
   93.5450
   79.2247
   86.1754
   77.3710
   80.8745
   87.0175
   81.4011
   69.5730
   82.9173
   81.7192
   81.9591
   78.0590
   79.6384
   80.4415
   80.8692
   83.1445
   87.2174
   79.7554
   84.1225
   87.4704
   81.0626
   79.2834
   90.2146
   74.6316
   78.9803
   83.6134
   89.6846
   78.3761
   87.4249
   78.5861
   81.6443
   76.8731
   88.4896
   79.7387
   78.2833
   83.9959
   77.9735
   79.0782
   82.0251
   83.5607
   87.5338
   76.1471
   82.8005
   80.3144
   88.3087
   82.4745
   76.3333
   86.7468
   85.8503
   80.3548
   79.7370
   78.4520
   87.8673
   78.3934
   76.3925
   82.0259
   77.7622
   84.7157
   82.3387
   75.3297
   80.0039
   84.0091
   80.3567
   76.5148
   81.3666
   90.8633
   76.8159
   76.7884
   80.1047
   81.2465
   78.4784
   81.2560
   81.2194
   78.3271
   90.3438
   78.5382
   80.9008
   74.4540
   82.3581
   82.1717
   81.1531
   80.5504
   82.3713
   82.8486
   77.6480
   80.2466
   78.6160
   70.3131
   78.2507
   80.1566
   80.4877
   78.2134
   80.0166
   82.4203
   78.4439
   83.3714
   87.2097
   80.6586
   76.4167
   81.4370
   86.1622
   77.4558
   82.8132
   80.6902
   86.5297
   88.7412
   79.4086
   80.1054
   91.0303
   87.8173
   68.5329
   80.7100
   80.6792
   79.6716
   83.3939
   79.9759
   84.8947
   83.2486
   83.4185
   81.1167
   82.2310
   86.3013
   83.5085
   81.8341
   76.8099
   84.8366
   81.4602
   75.7067
   81.0806
   78.1203
   85.8915
   78.3551
   81.4045
   81.7089
   76.6213
   80.8623
   82.3375
   81.9052
   78.7115
   80.5027
   75.7131
   82.9855
   83.3005
   83.2050
   75.8146
   75.2715
   83.5322
   86.8401
   80.5796
   79.7602
   84.1694
   79.6872
   76.7128
   85.0353
   81.1742
   78.8453
   80.1463
   78.4197
   78.6464
   82.7971
   80.9647
   87.6602
   79.2044
   82.1274
   84.5596
   80.6459
   79.3375
   80.6512
   82.1891
   81.0389
   83.5538
   77.8380
   80.4048
   78.9044
   74.5282
   80.3634
   82.1795
   88.8190
   80.4841
   77.0216
   92.7356
   81.5328
   83.1842
   80.2155
   78.3359
   71.4219
   79.1491
   89.1089
   84.7487
   83.5849
   81.7649
   81.5100
   74.3523
   80.3634
   80.4474
   77.4053
   87.0987
   80.5284
   90.5786
   80.0668
   80.1248
   76.3659
   77.2135
   79.1081
   77.4711
   76.2187
   80.4491
   77.9912
   80.6966
   78.9140
   81.4827
   80.9140
   80.5714
   78.8597
   77.7028
   82.2588
   83.7958
   80.0817
   81.6838
   81.3207
   82.4740
   79.8351
   80.2706
   80.1734
   80.6286
   87.1678
   78.9428
   88.7372
   82.0728
   79.4548
   81.2824
   82.7253
   80.6899
   76.9232
   84.6611
   76.3341
   81.4966
   76.4980
   76.8801
   83.5097
   81.2623
   79.7973
   75.8769
   81.5830
   81.9224
   76.0581
   82.4610
   91.3164
   79.3064
   69.5467
   78.8863
   77.3610
   79.4126
   88.8492
   84.3035
   77.3184
   80.0893
   87.1456
   81.8253
   84.2618
   79.2056
   84.4258
   81.0143
   71.9064
   80.8110
   83.0757
   78.9389
   79.4440
   85.8362
   68.0515
   83.8322
   85.0587
   82.3021
   77.6164
   76.4997
   85.7512
   80.5839
   83.8707
   81.3544
   84.3564
   78.1516
   80.3491
   81.9610
   81.0164
   80.5260
   79.5610
   83.3637
   82.0314
   77.6719
   80.6813
   90.1588
   83.1162
   79.9457
   78.4645
   78.0544
   85.6737
   82.7318
   81.4195
   83.3800
   91.8193
   78.2663
   82.3555
   69.8195
   69.1050
   83.4971
   89.5185
   76.1337
   80.4506
   81.7041
   81.1926
   84.1790
   82.9740
   92.8783
   89.1946
   86.3432
   84.9828
   69.8760
   83.1397
   79.5038
   68.5399
   82.6521
   77.7215
   78.2792
   79.9230
   85.4759
   83.1995
   81.9864
   81.0748
   82.3835
   85.7316
   81.2481
   75.8110
   82.4086
   73.6409
   78.6907
   93.8724
   85.3448
   84.6156
   79.1907
   82.6731
   80.6813
   78.3359
   83.3704
   78.6854
   92.6712
   81.2604
   82.7981
   79.4244
   70.8812
   83.2402
   82.6121
   81.6125
   81.0066
   71.1437
   84.5934
   79.7624
   81.4353
   73.7292
   80.3536
   85.3618
   78.3431
   76.8181
   77.9953
   79.0940
   77.3787
   86.7908
   84.8902
   86.7018
   81.5028
   78.5595
   75.9501
   80.4369
   80.4888
   78.2677
   79.9237
   80.5573
   81.2613
   83.6072
   76.9756
   78.6198
   79.0658
   82.0582
   76.7915
   83.8054
   81.8992
   77.1656
   80.6950
   79.8461
   86.9938
   82.0019
   80.2507
   78.3340
   86.0473
   79.9323
   80.5351
   91.4322
   76.5993
   81.7523
   80.8304
   85.2562
   84.7341
   75.9781
   71.8695
   80.0539
   82.6370
   84.2300
   85.3397
   81.3638
   78.5016
   74.6848
   83.5595
   80.2445
   82.0711
   79.7135
   81.4614
   84.7755
   78.1241
   80.7507
   82.8057
   84.8282
   75.4704
   78.1260
   76.5196
   81.3674
   87.0663
   82.3227
   69.0303
   84.0565
   81.6029
   84.3078
   81.4255
   81.4004
   80.6710
   85.2713
   71.6627
   83.6816
   75.6255
   76.0368
   78.8360
   76.7487
   81.0239
   78.3723
   82.0110
   78.6646
   79.2719
   80.5832
   77.8462
   80.9149
   86.4751
   81.7278
   80.9135
   80.9159
   74.2829
   91.6032
   77.6291
   80.9465
   80.4484
   86.2735
   78.1083
   79.3392
   77.5743
   82.0182
   87.6260
   83.9490
   83.6790
   80.6686
   78.9124
   80.0712
   73.6277
   80.0941
   83.7063
   81.1256
   82.4888
   87.7699
   72.7933
   85.8271
   82.3354
   80.9626
   76.4497
   87.0072
   80.7890
   75.2808
   77.6252
   85.4441
   80.2863
   81.3492
   80.9202
   80.6878
   82.7545
   83.8317
   81.1308
   82.5817
   82.4041
   86.5663
   81.7894
   78.5854
   81.2388
   83.4532
   83.2993
   82.7811
   81.3832
   92.7689
   79.0206
   79.4502
   78.2469
   79.2032
   79.5486
   76.0787
   80.0089
   76.8056
   79.0749
   77.3105
   84.6511
   85.7088
   92.2066
   86.5543
   83.5468
   77.5383
   69.5603
   79.8540
   80.0848
   85.8833
   82.4780
   75.2488
   77.9314
   81.5974
   79.9761
   87.1135
   75.8769
   82.9171
   70.3227
   90.1049
   80.3811
   78.9851
   74.6953
   81.1380
   78.7252
   80.9051
   88.3515
   76.2022
   85.1195
   79.7229
   76.1339
   81.4935
   77.0457
   72.0680
   85.0154
   83.1021
   85.6995
   84.1012
   83.6871
   89.5482
   85.1743
   84.7059
   82.6298
   79.9960
   80.9724
   80.8065
   80.8283
   81.8885
   81.0047
   79.5639
   74.8294
   81.4533
   77.3052
   89.6597
   81.5036
   79.8976
   81.5591
   79.7202
   82.4433
   81.6771
   79.8208
   81.9720
   75.6643
   90.2622
   81.3209
   78.9576
   83.7268
   80.2619
   83.0798
   83.4319
   85.6945
   74.9172
   77.5053
   81.8700
   81.8530
   81.7432
   73.3405
   79.7451
   80.8872
   81.6230
   81.8382
   84.8256
   83.5768
   82.5807
   84.6219
   80.9166
   77.1621
   80.0288
   89.9582
   78.9126
   78.8434
   74.2161
   80.3471
   82.8654
   77.8395
   79.6513
   77.5266
   80.4209
   83.0813
   80.3285
   84.4687
   69.5122
   79.6819
   89.3650
   75.6600
   82.5582
   85.7045
   79.4172
   75.4465
   84.1864
   81.1886
   85.3457
   88.6385
   78.3345
   84.5903
   78.9047
   82.2478
   81.9222
   77.7662
   89.9579
   79.0167
   81.2551
   90.8676
   82.1496
   83.4152
   81.9239
   79.0880
   75.1413
   88.6136
   75.5595
   77.6837
   77.8007
   82.6513
   87.7880
   76.8492
   84.8529
   80.0817
   82.9293
   81.6958
   76.9210
   77.7794
   78.0786
   82.1429
   80.4168
   78.5284
   81.1938
   79.3277
   79.1649
   78.3924
   79.0940
   83.7424
   71.7834
   84.1697
   84.3645
   82.6336
   80.7730
   81.7403
   78.1947
   84.2676
   81.7480
   79.0718
   84.5304
   76.7101
   82.1448
   78.3941
   80.0247
   81.6570
   77.9316
   78.2704
   81.2022
   79.6946
   73.6682
   82.4421
   80.6097
   77.4685
   77.9161
   80.4146
   72.3610
   83.6199
   85.5717
   82.9721
   82.8115
   80.0656
   79.0866
   76.6460
   90.6811
   77.9111
   78.8930
   88.2251
   83.4712
   82.4587
   83.8798
   88.6838
   79.6750
   80.1569
   84.1819
   85.4587
   75.7565
   80.9927
   84.4476
   85.9365
   82.1221
   78.2246
   71.8789
   82.2181
   82.7342
   81.4902
   80.4422
   81.4660
   76.5461
   83.0568
   78.3391
   80.1006
   81.3659
   85.8714
   84.8253
   86.6163
   83.7470
   80.3258
   80.5956
   79.8397
   74.6668
   82.8598
   81.5313
   91.3691
   88.1078
   81.2288
   81.9689
   79.7341
   78.1069
   79.9598
   73.6292
   79.8021
   83.9334
   80.5693
   81.8253
   82.0635
   76.7551
   78.0149
   83.5928
   81.2910
   83.7714
   75.2830
   73.2703
   76.9208
   79.4421
   78.6651
   83.8609
   89.2027
   80.3215
   81.1007
   85.0539
   88.2689
   81.1292
   79.2391
   71.9002
   87.3885
   78.7809
   81.7104
   82.4694
   84.5276
   78.9442
   73.1782
   80.2643
   83.4195
   86.0442
   78.8994
   82.9403
   80.2184
   77.3550
   82.4057
   82.5163
   83.6814
   77.8352
   78.0370
   80.3811
   78.7943
   80.2330
   80.8367
   80.9772
   83.0820
   85.1432
   82.7299
   80.8072
   85.2560
   80.2634
   77.0208
   79.1895
   80.3280
   73.2469
   82.1276
   81.9392
   76.4322
   71.8621
   85.1791
   78.7407
   82.3787
   85.3527
   82.3804
   78.5212
   79.1673
   80.8398
   76.9196
   82.8184
   78.8508
   83.0803
   81.0799
   83.2335
   77.1783
   79.5828
   87.1317
   86.0167
   93.4734
   84.0905
   81.5521
   87.7744
   89.7097
   87.5609
   74.6463
   81.8281
   82.9264
   77.1195
   71.3503
   79.9979
   80.8917
   83.9662
   82.2573
   84.5644
   79.4993
   89.2123
   86.5586
   79.4531
   77.4613
   91.3722
   83.4975
   79.9507
   85.0549
   79.0234
   82.8893
   78.2804
   78.5131
   79.4366
   81.3504
   78.8417
   68.3472
   84.7533
   84.5972
   83.8920
   83.9744
   78.4975
   89.3983
   77.5999
   81.5943
   88.5998
   79.0579
   77.3131
   79.0526
   81.1000
   85.2344
   77.3761
   85.9978
   83.7278
   81.8375
   82.5049
   83.1938
   81.1333
   76.9976
   84.1407
   73.4697
   80.1827
   83.8214
   79.8787
   82.6722
   91.5189
   88.3398
   81.7336
   88.5909
   77.6906
   84.6017
   80.5865
   86.0617
   85.2280
   75.5516
   83.6486
   79.4988
   82.3646
   81.3714
   76.8844
   82.8531
   72.6925
   82.7083
   79.7245
   80.2385
   79.2862
   84.4754
   76.6651
   79.3801
   83.1770
   81.2019
   78.0954
   81.2853
   79.7552
   85.5875
   81.0590
   78.4547
   75.1355
   83.0820
   82.4505
   84.8045
   75.1236
   80.2349
   81.5890
   72.7385
   82.4926
   84.9000
   86.5048
   82.4587
   80.6449
   86.1637
   83.2325
   76.8992
   70.8735
   78.1246
   81.4906
   92.0630
   79.1476
   76.7578
   75.8525
   74.0430
   82.5120
   78.5308
   78.8970
   82.6887
   80.6574
   90.5708
   77.7959
   78.6586
   87.3979
   85.7309
   86.0828
   87.3543
   83.5617
   82.5166
   81.4511
   82.2983
   80.9879
   83.0650
   82.2813
   79.8646
   77.7054
   74.3726
   82.3959
   77.4345
   82.2434
   81.8482
   77.4570
   82.9305
   83.7695
   76.3542
   80.9508
   84.4811
   70.0156
   82.2329
   78.4796
   80.5073
   79.5673
   79.1855
   71.6673
   85.3362
   82.7519
   82.7801
   84.1003
   86.2453
   79.5182
   74.3695
   90.7768
   80.6313
   78.2122
   87.8323
   80.3132
   80.2251
   84.7985
   80.1825
   78.3640
   79.2362
   90.3335
   79.1421
   87.0295
   75.1669
   81.2680
   79.5900
   78.3819
   79.4071
   82.5479
   81.9926
   79.4928
   88.5423
   91.7078
   85.2782
   84.0593
   80.8994
   79.5716
   77.0998
   81.0741
   78.7565
   91.2300
   90.7247
   75.2698
   79.7358
   81.9952
   87.7301
   87.3703
   89.6168
   83.2179
   68.3802
   78.2282
   81.7630
   81.1033
   90.4513
   71.7027
   85.7780
   86.1838
   86.0981
   82.3646
   77.7588
   79.6783
   86.9835
   77.1989
   82.0354
   80.4115
   84.3523
   81.8255
   76.0923
   86.0397
   77.7054
   78.5945
   68.5116
   81.4167
   84.0174
   81.1325
   80.2402
   78.9245
   86.3015
   83.9198
   79.1977
   80.9906
   84.2925
   82.2863
   83.1708
   76.1497
   88.0497
   81.1811
   77.8265
   81.4296
   80.7364
   79.9335
   77.8237
   82.7926
   82.5456
   81.6283
   81.2558
   82.6951
   79.7564
   81.8217
   86.0547
   73.9291
   81.3968
   88.9729
   82.2528
   78.0853
   79.9441
   83.1641
   81.1253
   78.7410
   77.1379
   85.3790
   81.4162
   83.5509
   80.7232
   81.5648
   84.0217
   74.3516
   83.5641
   79.6197
   80.1489
   77.0560
   86.0976
   73.3086
   90.3048
   82.7392
   85.9892
   83.5253
   78.5195
   80.0858
   78.8013
   79.6039
   84.1706
   79.8564
   78.2620
   84.2393
   78.3213
   80.7419
   78.7448
   93.3491
   81.9658
   79.4943
   81.9323
   78.5823
   84.8732
   77.9785
   84.0550
   77.4998
   78.6004
   77.0613
   80.2787
   82.9788
   86.2283
   82.5240
   82.1863
   72.3461
   85.6416
   77.5283
   82.0991
   78.3704
   81.2142
   77.1460
   74.6501
   82.6583
   80.9154
   82.5300
   84.9740
   84.6920
   85.0683
   78.1866
   79.7863
   86.4727
   82.9506
   83.7812
   79.5366
   78.6218
   78.5861
   77.7289
   81.4274
   78.1416
   82.6834
   82.9321
   79.5943
   86.2422
   90.3062
   77.2322
   78.7003
   82.4878
   75.7251
   81.9706
   86.3430
   72.4505
   78.4168
   80.1700
   82.4835
   81.7774
   74.9716
   80.9655
   81.9100
   77.6391
   80.1035
   74.7717
   82.2478
   83.2756
   81.9842
   88.4221
   82.4029
   80.6782
   78.7812
   82.4476
   80.1911
   85.1193
   77.4661
   80.3495
   79.8567
   85.7333
   85.2679
   81.4636
   79.7011
   84.0198
   79.9654
   79.4857
   79.6649
   72.3107
   87.9819
   85.3156
   82.5082
   74.2709
   82.1590
   86.8169
   82.3545
   80.9530
   84.8588
   73.5846
   92.4220
   82.3299
   77.0663
   75.2250
   76.3336
   86.0818
   81.7077
   75.8082
   82.4433
   79.8509
   82.5994
   76.0633
   79.8442
   81.2110
   84.4201
   79.2518
   78.1555
   92.2085
   86.5076
   81.8243
   81.4054
   85.3170
   74.2159
   81.8207
   74.5670
   89.1544
   82.3244
   87.3735
   76.8734
   76.4885
   77.5082
   82.0706
   76.2177
   80.9499
   82.4685
   81.9167
   83.4281
   82.9197
   80.6971
   81.8303
   80.4352
   78.2246
   77.5422
   77.4838
   86.0665
   78.8611
   89.9800
   83.9397
   82.8874
   81.4952
   80.1951
   76.0914
   85.5231
   77.5357
   82.4048
   80.1059
   73.0693
   75.7380
   80.0654
   84.8182
   83.7242
   83.7508
   82.9889
   81.4459
   77.0503
   82.4302
   84.2379
   81.9105
   81.5354
   79.3159
   86.5754
   75.9831
   83.8451
   85.3182
   80.7979
   82.5417
   90.8903
   77.7811
   85.2066
   74.3506
   73.5885
   84.7207
   88.0068
   80.5635
   80.8417
   79.9067
   80.5111
   79.8579
   83.2957
   79.6178
   76.2807
   82.0962
   78.7065
   73.9976
   81.3116
   82.9032
   78.7039
   82.7897
   80.5631
   81.9383
   81.6780
   78.9332
   82.5271
   82.6846
   82.7452
   78.2146
   80.7562
   78.9447
   74.3789
   77.7294
   83.8173
   84.6999
   81.5275
   83.9961
   80.6722
   83.6723
   80.9137
   83.0683
   82.6753
   89.4287
   80.3512
   82.1618
   81.2493
   81.3650
   80.9269
   85.9499
   80.2933
   79.0964
   80.0953
   81.1620
   77.1980
   75.3991
   84.7284
   83.5464
   82.0713
   90.7589
   87.7572
   79.7789
   75.1389
   74.4030
   79.6602
   84.4495
   74.2391
   77.2384
   76.8317
   77.8632
   81.0461
   82.2308
   81.5574
   81.1620
   77.5211
   82.2301
   85.4443
   91.1270
   82.7564
   82.1439
   83.9985
   81.1091
   82.2166
   85.1628
   79.3959
   84.5455
   82.6252
   88.7429
   83.6804
   80.4304
   80.2950
   80.6105
   80.8271
   89.3598
   76.1624
   77.9314
   73.0386
   82.7382
   81.2553
   80.7826
   82.8742
   80.1839
   82.5250
   75.1351
   82.4665
   79.4047
   91.5165
   86.7528
   90.0365
   86.3078
   79.4335
   87.6159
   77.6501
   85.0290
   84.2961
   80.6179
   81.0691
   82.4467
   79.3808
   83.4930
   76.0559
   86.9280
   76.9062
   74.0904
   78.6842
   80.4714
   83.8192
   91.3257
   87.8960
   81.7140
   76.6050
   82.2980
   80.2938
   81.3539
   83.3111
   84.1967
   82.2243
   82.1815
   89.3066
   84.2965
   83.1605
   84.4232
   82.2454
   76.6141
   81.9014
   74.3202
   83.8149
   78.4408
   78.6747
   79.7169
   83.4406
   76.8332
   79.3518
   77.3272
   82.6743
   77.1920
   74.6546
   80.3017
   87.5386
   78.1674
   81.8344
   81.9327
   86.0698
   80.0570
   78.4714
   82.8981
   83.3671
   80.4510
   74.0950
   86.1177
   84.4639
   79.5196
   77.7390
   94.1620
   71.9150
   76.5866
   85.2665
   77.8493
   85.5813
   79.9108
   79.8662
   80.6126
   80.9497
   79.4440
   82.5104
   76.5916
   84.6793
   78.5722
   81.3310
   86.0291
   83.6321
   91.6144
   80.2433
   72.7227
   81.4119
   80.8922
   80.4647
   79.1656
   74.0615
   87.7023
   82.5649
   68.8027
   83.1866
   77.8649
   81.0322
   81.1857
   87.8072
   82.7023
   72.0443
   81.7085
   80.9434
   76.9421
   77.9972
   83.1457
   82.0247
   81.4001
   76.9919
   84.8098
   78.5301
   80.0532
   76.0782
   84.3751
   81.0423
   78.9384
   88.9557
   81.7412
   72.3164
   86.2194
   77.7689
   81.3425
   72.8679
   81.0653
   86.0263
   80.7055
   78.1114
   77.8402
   87.6392
   91.4897
   77.5637
   81.1665
   76.7080
   81.9751
   79.8222
   89.6676
   85.4604
   80.8999
   79.5362
   82.9446
   84.5465
   80.6258
   78.9083
   75.6449
   79.1395
   83.5045
   81.5962
   76.5751
   83.0616
   82.3545
   81.5306
   81.3465
   80.3728
   71.2223
   80.5595
   77.1245
   85.4795
   78.6996
   78.7953
   80.1482
   73.8142
   79.0366
   81.3518
   73.0140
   83.5062
   80.2265
   83.6177
   78.6311
   79.4158
   82.0747
   81.1557
   80.7488
   82.6932
   76.9421
   73.8561
   81.8470
   78.5226
   78.8173
   85.0731
   75.0350
   70.3086
   87.1429
   82.2339
   93.2776
   91.2166
   79.8957
   80.5654
   86.4751
   79.1577
   83.8796
   85.0439
   77.6123
   78.0755
   79.7839
   77.0455
   85.8379
   79.1570
   80.3400
   81.4925
   81.2958
   78.7699
   79.4648
   91.1972
   68.7936
   82.0618
   82.4196
   80.0566
   84.9728
   72.4711
   81.0605
   80.1992
   83.0813
   83.9449
   86.3987
   79.6532
   75.7397
   79.6142
   93.0430
   78.9909
   83.9856
   85.1222
   79.5848
   82.5486
   81.7568
   82.2736
   79.3502
   82.9575
   77.0263
   85.8360
   86.0653
   76.3606
   72.3064
   86.2723
   79.4976
   81.6489
   84.2298
   84.7537
   77.3954
   81.5366
   76.0217
   70.8637
   85.8666
   85.9686
   80.4283
   77.4455
   81.5584
   82.6521
   77.7729
   81.9749
   79.4100
   72.1592
   81.1747
   81.7113
   84.4356
   86.7583
   71.7836
   90.5686
   81.5912
   83.7010
   87.4371
   76.7226
   77.9759
   77.6504
   76.8157
   94.0093
   77.8893
   79.3533
   88.3549
   81.5304
   84.1400
   82.5546
   79.0430
   92.0821
   83.3826
   79.5338
   81.0054
   83.3774
   83.5789
   82.1637
   84.1814
   81.8966
   81.0523
   77.0565
   79.2247
   77.5814
   78.1454
   83.4386
   84.0021
   82.3205
   81.0011
   73.2694
   82.0692
   82.1097
   80.7979
   92.5839
   78.7920
   83.0995
   79.8236
   81.3453
   76.9782
   81.5912
   81.5543
   85.5731
   83.3623
   83.0662
   75.9367
   83.5514
   79.7423
   77.5398
   76.8243
   86.8641
   70.2976
   84.8486
   83.3029
   79.6798
   86.7935
   92.4697
   74.9821
   77.5032
   75.7641
   89.5261
   76.3977
   74.6860
   76.5677
   80.7160
   69.7774
   73.8403
   81.0617
   83.0681
   92.1370
   72.9235
   82.6037
   83.4702
   79.8404
   82.0381
   81.9567
   81.5878
   80.7787
   80.3452
   86.2403
   88.2215
   79.9062
   80.2279
   75.5370
   76.3748
   85.7084
   78.7893
   90.4997
   83.1734
   78.0334
   82.4553
   77.2159
   81.4265
   81.2750
   77.9860
   86.8926
   79.0813
   81.8056
   78.9724
   86.1012
   78.3534
   79.9371
   76.7487
   81.4540
   74.7652
   83.1686
   77.0563
   85.6356
   83.8288
   87.3615
   80.6878
   83.8743
   77.3256
   82.1781
   81.9148
   79.4610
   80.9934
   79.2932
   79.8730
   78.3907
   78.6780
   82.3706
   81.4641
   82.8115
   76.3238
   84.1077
   73.1047
   77.8469
   79.3025
   80.2308
   89.1979
   81.6872
   77.8153
   83.0901
   76.7073
   80.3029
   83.3221
   80.5516
   77.8984
   80.1121
   81.1574
   80.4194
   88.9239
   83.7326
   78.8738
   81.8427
   80.7584
   83.5990
   84.5816
   79.8753
   81.4375
   78.8597
   82.0914
   84.8069
   85.5765
   81.5194
   82.5183
   79.2199
   81.5880
   81.6491
   82.5872
   80.9283
   91.1622
   80.1312
   81.2041
   82.0072
   81.2924
   81.2118
   78.5212
   81.9385
   71.4518
   82.0587
   77.3086
   77.2973
   81.2288
   77.6121
   80.5458
   83.8456
   86.2618
   81.1345
   79.5508
   83.9327
   77.9764
   80.6356
   76.5586
   80.9729
   81.8830
   85.2217
   77.7610
   81.2510
   84.4869
   78.7003
   89.0450
   76.5009
   77.6420
   74.6012
   78.7721
   78.0820
   86.0775
   79.1201
   77.9309
   79.6628
   79.9654
   87.5506
   76.0665
   80.5401
   91.8464
   79.5050
   88.5255
   79.6185
   82.5702
   81.0622
   80.9001
   79.2867
   85.7091
   82.1152
   80.3560
   79.7073
   82.3200
   84.7473
   82.6882
   78.5784
   83.6079
   84.0610
   83.8473
   82.8247
   86.3310
   88.9483
   81.4923
   81.1095
   83.3757
   77.8055
   84.9419
   84.0443
   73.6892
   81.5586
   71.8758
   90.0985
   80.1535
   87.1197
   77.5553
   80.8345
   76.9579
   76.5265
   78.6933
   80.6784
   81.3915
   82.2592
   78.9937
   77.2585
   81.3961
   82.1621
   75.1080
   80.0149
   86.1474
   89.2801
   79.2434
   84.3775
   85.1844
   82.8476
   82.3768
   82.0015
   92.3160
   80.6643
   81.2963
   84.2851
   79.5342
   83.5950
   85.8542
   78.6275
   84.1833
   86.9332
   79.1000
   81.0765
   88.1112
   81.8468
   71.9966
   86.3365
   79.8421
   79.0521
   79.2434
   87.2370
   85.0142
   76.8066
   84.9814
   82.2049
   81.9339
   87.3019
   88.5650
   76.9902
   79.7851
   84.8182
   88.6462
   85.2691
   81.2711
   79.6309
   77.1803
   80.4671
   79.7669
   88.7621
   81.1428
   80.7771
   79.1151
   81.3889
   73.3218
   77.9285
   77.6724
   83.0887
   80.2277
   78.4515
   79.8124
   79.0538
   71.2005
   78.1076
   73.9896
   83.2235
   87.5680
   76.8897
   83.1954
   82.6456
   79.9795
   81.7843
   80.3191
   78.5281
   82.9506
   83.1677
   87.9446
   80.1061
   80.7900
   77.5151
   85.2856
   81.9921
   89.0718
   74.9239
   79.5134
   73.2562
   74.1491
   79.4770
   80.4699
   82.9178
   80.6911
   89.8316
   87.4170
   78.5890
   81.7108
   83.9313
   85.2878
   76.7209
   89.2307
   88.3939
   89.2611
   81.9426
   82.5163
   78.2225
   80.5229
   77.0376
   80.0058
   80.7708
   81.5773
   72.5936
   77.3095
   84.9170
   76.1148
   89.8165
   83.1160
   77.7255
   86.7097
   84.4928
   81.2711
   80.9360
   73.0125
   81.4664
   86.2079
   77.1865
   83.6333
   82.1915
   71.2065
   81.8080
   83.8089
   78.5957
   70.4383
   83.7242
   79.7185
   78.6873
   78.4113
   81.6496
   82.1367
   77.6932
   79.9663
   75.6327
   79.4335
   81.7068
   81.0526
   82.7899
   83.1500
   81.2441
   85.4702
   88.4126
   89.7497
   85.2095
   82.4275
   75.0120
   85.2998
   81.9974
   78.6103
   83.7673
   78.8913
   79.7693
   81.8942
   82.5264
   85.2299
   82.4311
   78.8855
   81.7345
   83.2369
   85.6330
   85.9303
   78.6656
   77.5211
   86.0284
   82.0148
   85.5875
   85.9286
   84.0531
   77.6157
   84.1055
   83.3405
   80.6811
   82.4208
   70.1329
   79.6324
   79.9814
   78.6213
   83.5028
   77.0931
   79.1053
   78.2716
   83.1337
   83.2536
   82.2198
   78.1344
   78.3987
   74.7614
   82.2557
   85.0623
   77.6466
   82.6329
   81.9935
   79.8083
   82.2605
   82.6765
   86.2355
   80.8213
   77.9185
   76.5471
   81.4846
   81.1514
   83.3269
   82.5381
   80.8718
   78.6478
   77.4369
   79.0292
   77.1125
   85.6141
   85.2493
   79.8792
   83.4611
   79.7806
   79.2262
   93.6881
   81.2232
   73.5253
   92.3397
   86.5040
   87.4752
   89.6599
   80.2028
   89.2846
   74.4265
   79.9752
   81.7233
   80.3967
   83.8441
   78.1222
   90.6655